{
	"asset": {
		"generator": "SOLIDWORKSGLTF",
		"version" : "2.0"
	},
"extensionsUsed": [ "KHR_lights_punctual", "Solidworks_custom_properties", "KHR_draco_mesh_compression"],
"extensionsRequired": [ "KHR_draco_mesh_compression" ],
	"scene" : 0,
	"scenes": [
		{
			"name": "Default - Display State-1",
			"nodes": [
				0, 1]
		}
	],
	"nodes": [
		{
			"matrix": [
				0.707107,					0,					-0.707107,					0,
				-0.408204,					0.816541,					-0.408204,					0,
				0.577382,					0.577288,					0.577382,					0,
				2.45563,					2.63741,					2.83139,					1
			]
			,"camera": 0
			,"name": "current"		}
,
		{
			"children": [
				2, 3, 86, 87, 96, 105, 114, 115, 116, 117, 151, 152, 161, 162, 163, 164, 173, 174, 175, 176, 185, 186, 187, 196, 197, 206, 207, 218, 219, 220, 221, 222, 223, 224, 225, 226, 227, 228, 229, 232, 233, 234, 235, 236, 237, 238, 239, 240, 241, 242, 243, 244, 245, 246, 247, 248, 249, 250, 251, 252, 253, 254, 255, 256, 257, 258, 259, 260, 261, 262, 263, 264, 265, 266, 267, 268, 269, 270, 281, 282, 283, 284, 318, 352, 386, 387, 388, 389, 423, 424, 427, 428, 429, 430, 431, 434, 435, 436, 437, 438, 439, 440, 441, 475, 476, 477, 478, 479, 480, 481, 482, 483, 484, 485, 486, 487, 527, 528, 529, 530, 531, 532, 533, 534, 535, 536, 537, 538, 539, 540, 541, 542, 543, 544, 545, 546, 547, 548, 549, 550, 551, 552, 553, 554, 555, 556, 557, 558, 559, 560, 561, 562, 563, 564, 565, 566, 567, 568, 569, 570, 571, 572, 573, 574, 575, 576, 577, 578, 579, 580, 581, 582, 583, 584, 585, 586, 587, 588, 589, 590, 591, 592, 593, 594, 595, 596, 597, 598, 599, 600, 601, 602, 603, 604, 605, 606, 607, 608, 609, 610, 611, 612, 613, 614, 615, 616, 617, 618, 619, 620, 621, 622, 623, 624, 625, 626, 627, 628, 629, 630, 631, 632, 633, 634, 635, 636, 637, 638, 639, 640, 641, 642, 643, 644, 645, 646, 647, 648, 649, 650, 651, 652, 653, 654, 655, 656, 657, 686, 727, 768, 769, 814, 855, 896, 897, 898, 899, 900, 901, 902
			]
			,"name": "ROV simple"		}
,
		{
			"matrix": [
				1,					0,					0,					0,
				0,					-3.49148e-15,					1,					0,
				0,					-1,					-3.49148e-15,					0,
				0.0425985,					0.214505,					0.240416,					1
			]
			,"mesh": 0
			,"name": "clips box holder-1"		}
,
		{
			"children": [
				4, 5, 6, 7, 8, 9, 10, 11, 12, 13, 14, 15, 16, 17, 18, 19, 20, 21, 22, 23, 24, 25, 26, 27, 28, 29, 30, 31, 32, 33, 34, 35, 36, 37, 38, 39, 40, 41, 42, 43, 44, 45, 46, 47, 48, 49, 50, 51, 52, 53, 54, 55, 56, 57, 58, 59, 60, 61, 62, 63, 64, 65, 66, 67, 68, 69, 70, 71, 72, 73, 74, 75, 76, 77, 78, 79, 80, 81, 82, 83, 84, 85
			]
			,"matrix": [
				1,					0,					0,					0,
				0,					1,					0,					0,
				0,					0,					1,					0,
				-0.0164179,					-0.0119955,					0.0815747,					1
			]
			,"name": "f box-1"		}
,
		{
			"matrix": [
				0.619343,					0.78512,					1.66533e-16,					0,
				-5.55112e-17,					-9.02056e-17,					1,					0,
				0.78512,					-0.619343,					-5.55112e-17,					0,
				0.0590164,					0.078774,					0.210841,					1
			]
			,"name": "M16 PG 9 GLAND-14"		}
,
		{
			"matrix": [
				0.508543,					0.861037,					6.245e-17,					0,
				7.57394e-17,					-1.17262e-16,					1,					0,
				0.861037,					-0.508543,					-1.24847e-16,					0,
				0.0395308,					0.111524,					0.210841,					1
			]
			,"name": "M16 PG 9 GLAND-12"		}
,
		{
			"matrix": [
				-0.999435,					-0.0336138,					5.55112e-17,					0,
				5.55112e-17,					8.32667e-17,					-1,					0,
				0.0336138,					-0.999435,					-8.32667e-17,					0,
				0.105813,					0.133455,					-0.047159,					1
			]
			,"name": "M16 PG 9 GLAND-18"		}
,
		{
			"matrix": [
				-0.209688,					0.977768,					1.11022e-16,					0,
				0,					-1.11022e-16,					1,					0,
				0.977768,					0.209688,					-1.66533e-16,					0,
				0.103016,					0.122774,					0.210841,					1
			]
			,"name": "M16 PG 9 GLAND-5"		}
,
		{
			"matrix": [
				-0.992122,					0.125275,					5.55112e-17,					0,
				5.55112e-17,					5.55112e-17,					-1,					0,
				-0.125275,					-0.992122,					-5.55112e-17,					0,
				0.0965443,					0.152702,					-0.047159,					1
			]
			,"name": "M16 PG 9 GLAND-17"		}
,
		{
			"matrix": [
				-0.961581,					-0.274521,					1.38778e-16,					0,
				-1.40377e-16,					-1.382e-17,					-1,					0,
				0.274521,					-0.961581,					-2.52475e-17,					0,
				0.0740164,					0.148755,					-0.047159,					1
			]
			,"name": "M16 PG 9 GLAND-23"		}
,
		{
			"matrix": [
				-0.952604,					-0.304213,					0,					0,
				0,					-2.77556e-17,					-1,					0,
				0.304213,					-0.952604,					2.77556e-17,					0,
				0.0676332,					0.116774,					-0.047159,					1
			]
			,"name": "M16 PG 9 GLAND-21"		}
,
		{
			"matrix": [
				-0.916118,					0.400908,					0,					0,
				0,					-5.55112e-17,					-1,					0,
				-0.400908,					-0.916118,					5.55112e-17,					0,
				0.0440164,					0.0967932,					-0.047159,					1
			]
			,"name": "M16 PG 9 GLAND-33"		}
,
		{
			"matrix": [
				0.221606,					0.975136,					9.22808e-17,					0,
				1.22465e-16,					-1.22465e-16,					1,					0,
				0.975136,					-0.221606,					-1.46559e-16,					0,
				0.0785019,					0.111524,					0.210841,					1
			]
			,"name": "M16 PG 9 GLAND-10"		}
,
		{
			"matrix": [
				0.586846,					0.809699,					-8.32667e-17,					0,
				2.77556e-16,					-9.88792e-17,					1,					0,
				0.809699,					-0.586846,					-2.498e-16,					0,
				0.0901291,					0.0916613,					0.210841,					1
			]
			,"name": "M16 PG 9 GLAND-13"		}
,
		{
			"matrix": [
				-0.95682,					0.290682,					3.81639e-17,					0,
				-2.77556e-17,					7.04731e-19,					-1,					0,
				-0.290682,					-0.95682,					0,					0,
				0.0590164,					0.074774,					-0.047159,					1
			]
			,"name": "M16 PG 9 GLAND-27"		}
,
		{
			"matrix": [
				0.0541004,					0.998536,					9.6494e-17,					0,
				1.12189e-16,					-1.02714e-16,					1,					0,
				0.998536,					-0.0541004,					-1.17582e-16,					0,
				0.0590164,					0.122774,					0.210841,					1
			]
			,"name": "M16 PG 9 GLAND-9"		}
,
		{
			"matrix": [
				-0.0633996,					0.997988,					1.94289e-16,					0,
				5.55112e-17,					-2.22045e-16,					1,					0,
				0.997988,					0.0633996,					-1.66533e-16,					0,
				0.0590164,					0.166774,					0.210841,					1
			]
			,"name": "M16 PG 9 GLAND-3"		}
,
		{
			"matrix": [
				-0.219189,					0.975682,					1.11022e-16,					0,
				1.11022e-16,					-1.38778e-16,					1,					0,
				0.975682,					0.219189,					-1.66533e-16,					0,
				0.0785019,					0.134024,					0.210841,					1
			]
			,"name": "M16 PG 9 GLAND-6"		}
,
		{
			"matrix": [
				-0.156148,					0.987734,					2.77556e-16,					0,
				1.11022e-16,					-1.94289e-16,					1,					0,
				0.987734,					0.156148,					-1.11022e-16,					0,
				0.0901291,					0.153887,					0.210841,					1
			]
			,"name": "M16 PG 9 GLAND-4"		}
,
		{
			"matrix": [
				-0.179261,					0.983802,					1.45717e-16,					0,
				1.35353e-16,					-1.23453e-16,					1,					0,
				0.983802,					0.179261,					-1.11031e-16,					0,
				0.0590164,					0.145274,					0.210841,					1
			]
			,"name": "M16 PG 9 GLAND-7"		}
,
		{
			"matrix": [
				-0.0864612,					0.996255,					1.07553e-16,					0,
				1.249e-16,					-1.37477e-16,					1,					0,
				0.996255,					0.0864612,					-1.11022e-16,					0,
				0.0395308,					0.134024,					0.210841,					1
			]
			,"name": "M16 PG 9 GLAND-8"		}
,
		{
			"matrix": [
				0.839742,					-0.542986,					-2.66413e-16,					0,
				-3.09882e-16,					1.14032e-17,					-1,					0,
				0.542986,					0.839742,					-1.58686e-16,					0,
				0.0798428,					0.16602,					-0.047159,					1
			]
			,"name": "M16 PG 9 GLAND-16"		}
,
		{
			"matrix": [
				0.611677,					0.791108,					-1.66533e-16,					0,
				2.22045e-16,					-5.55112e-17,					1,					0,
				0.791108,					-0.611677,					-2.22045e-16,					0,
				0.0279037,					0.0916613,					0.210841,					1
			]
			,"name": "M16 PG 9 GLAND-15"		}
,
		{
			"matrix": [
				-0.98702,					-0.1606,					1.66533e-16,					0,
				-5.55112e-17,					8.32667e-17,					-1,					0,
				0.1606,					-0.98702,					-5.55112e-17,					0,
				0.105813,					0.112093,					-0.047159,					1
			]
			,"name": "M16 PG 9 GLAND-19"		}
,
		{
			"matrix": [
				-0.9496,					-0.313466,					1.11022e-16,					0,
				-1.15012e-16,					-5.76369e-18,					-1,					0,
				0.313466,					-0.9496,					-3.05792e-17,					0,
				0.0965443,					0.0928465,					-0.047159,					1
			]
			,"name": "M16 PG 9 GLAND-22"		}
,
		{
			"matrix": [
				-0.999044,					-0.043716,					5.20417e-17,					0,
				-5.55112e-17,					5.82759e-19,					-1,					0,
				0.043716,					-0.999044,					-3.03577e-18,					0,
				0.0740164,					0.0967932,					-0.047159,					1
			]
			,"name": "M16 PG 9 GLAND-25"		}
,
		{
			"matrix": [
				0.382773,					0.923843,					8.67362e-17,					0,
				1.03931e-16,					-1.36948e-16,					1,					0,
				0.923843,					-0.382773,					-1.48435e-16,					0,
				0.0590164,					0.100274,					0.210841,					1
			]
			,"name": "M16 PG 9 GLAND-11"		}
,
		{
			"matrix": [
				-0.983042,					-0.183382,					4.16334e-17,					0,
				-4.16334e-17,					6.07153e-18,					-1,					0,
				0.183382,					-0.983042,					-1.04083e-17,					0,
				0.0590164,					0.170774,					-0.047159,					1
			]
			,"name": "M16 PG 9 GLAND-24"		}
,
		{
			"matrix": [
				-0.992122,					0.125275,					1.49404e-16,					0,
				-4.61368e-17,					9.24446e-33,					-1,					0,
				-0.125275,					-0.992122,					1.22966e-17,					0,
				0.0798428,					0.0795275,					-0.047159,					1
			]
			,"name": "M16 PG 9 GLAND-26"		}
,
		{
			"matrix": [
				-0.906602,					0.421986,					-1.38778e-17,					0,
				0,					-1.73472e-17,					-1,					0,
				-0.421986,					-0.906602,					6.93889e-18,					0,
				0.03819,					0.16602,					-0.047159,					1
			]
			,"name": "M16 PG 9 GLAND-28"		}
,
		{
			"matrix": [
				-0.86316,					0.50493,					2.77556e-17,					0,
				-5.55112e-17,					-1.73472e-17,					-1,					0,
				-0.50493,					-0.86316,					5.55112e-17,					0,
				0.0440164,					0.148755,					-0.047159,					1
			]
			,"name": "M16 PG 9 GLAND-29"		}
,
		{
			"matrix": [
				-0.967752,					-0.251903,					2.77556e-16,					0,
				-2.96228e-16,					3.62015e-17,					-1,					0,
				0.251903,					-0.967752,					-1.09655e-16,					0,
				0.0890164,					0.122774,					-0.047159,					1
			]
			,"name": "M16 PG 9 GLAND-20"		}
,
		{
			"matrix": [
				-0.570941,					-0.820991,					5.67117e-17,					0,
				1.2184e-16,					-1.56542e-17,					1,					0,
				-0.820991,					0.570941,					1.08967e-16,					0,
				0.0503995,					0.128774,					-0.059159,					1
			]
			,"name": "M16 PG 9 GLAND-30"		}
,
		{
			"matrix": [
				-0.847084,					0.531458,					-5.55112e-17,					0,
				2.22045e-16,					-8.32667e-17,					-1,					0,
				-0.531458,					-0.847084,					-5.55112e-17,					0,
				0.0214885,					0.152702,					-0.047159,					1
			]
			,"name": "M16 PG 9 GLAND-31"		}
,
		{
			"matrix": [
				-0.87476,					0.484556,					1.11022e-16,					0,
				-1.10152e-16,					3.0267e-17,					-1,					0,
				-0.484556,					-0.87476,					2.68983e-17,					0,
				0.0290164,					0.122774,					-0.047159,					1
			]
			,"name": "M16 PG 9 GLAND-32"		}
,
		{
			"matrix": [
				-0.992122,					0.125275,					-5.99765e-15,					0,
				7.03847e-15,					7.03847e-15,					-1,					0,
				-0.125275,					-0.992122,					-7.85825e-15,					0,
				0.0122198,					0.133455,					-0.047159,					1
			]
			,"name": "M16 PG 9 GLAND-35"		}
,
		{
			"matrix": [
				-0.997938,					-0.0641924,					-2.77556e-17,					0,
				2.4371e-17,					5.35081e-17,					-1,					0,
				0.0641924,					-0.997938,					-5.18333e-17,					0,
				0.0214885,					0.0928465,					-0.047159,					1
			]
			,"name": "M16 PG 9 GLAND-36"		}
,
		{
			"matrix": [
				-0.95971,					0.280994,					1.66533e-16,					0,
				-5.55112e-17,					-2.77556e-17,					-1,					0,
				-0.280994,					-0.95971,					2.77556e-17,					0,
				0.0122198,					0.112093,					-0.047159,					1
			]
			,"name": "M16 PG 9 GLAND-34"		}
,
		{
			"matrix": [
				-0.994231,					-0.107264,					-2.77837e-16,					0,
				-1.94289e-16,					-1.66533e-16,					1,					0,
				-0.107264,					0.994231,					9.51991e-17,					0,
				0.03819,					0.0795275,					-0.059159,					1
			]
			,"name": "M16 PG 9 GLAND-37"		}
,
		{
			"matrix": [
				1,					0,					0,					0,
				0,					0,					-1,					0,
				0,					1,					0,					0,
				0.0590164,					0.122774,					0.210841,					1
			]
			,"mesh": 1
			,"name": "gasket-1"		}
,
		{
			"matrix": [
				0,					1.22465e-16,					-1,					0,
				-1.22465e-16,					1,					1.22465e-16,					0,
				1,					1.22465e-16,					1.49976e-32,					0,
				0.0196348,					0.176978,					0.223741,					1
			]
			,"name": "hex flange screw_am.151sldprt-4"		}
,
		{
			"matrix": [
				1,					0,					0,					0,
				0,					1.22465e-16,					-1,					0,
				0,					1,					1.22465e-16,					0,
				0.0590164,					0.122774,					0.216841,					1
			]
			,"mesh": 2
			,"name": "cover PG-1"		}
,
		{
			"matrix": [
				0,					1.22465e-16,					-1,					0,
				-1.22465e-16,					1,					1.22465e-16,					0,
				1,					1.22465e-16,					1.49976e-32,					0,
				0.0590164,					0.189774,					0.223741,					1
			]
			,"name": "hex flange screw_am.151sldprt-3"		}
,
		{
			"matrix": [
				0,					1.22465e-16,					-1,					0,
				-1.22465e-16,					1,					1.22465e-16,					0,
				1,					1.22465e-16,					1.49976e-32,					0,
				-0.00470442,					0.143478,					0.223741,					1
			]
			,"name": "hex flange screw_am.151sldprt-5"		}
,
		{
			"matrix": [
				-7.63278e-17,					3.08149e-33,					1,					0,
				-3.08149e-33,					1,					-3.08149e-33,					0,
				-1,					-3.08149e-33,					-7.63278e-17,					0,
				0.122737,					0.10207,					-0.060059,					1
			]
			,"name": "hex flange screw_am.151sldprt-18"		}
,
		{
			"matrix": [
				1,					0,					0,					0,
				0,					1,					0,					0,
				0,					0,					1,					0,
				0.0590164,					0.122774,					0.206841,					1
			]
			,"mesh": 3
			,"name": "box-1"		}
,
		{
			"matrix": [
				1,					-5.55112e-17,					7.63278e-17,					0,
				-7.63278e-17,					3.08149e-33,					1,					0,
				-5.55112e-17,					-1,					0,					0,
				0.0590164,					0.122774,					-0.053159,					1
			]
			,"mesh": 4
			,"name": "cover-2"		}
,
		{
			"matrix": [
				1,					0,					0,					0,
				0,					0,					-1,					0,
				0,					1,					0,					0,
				0.0590164,					0.122774,					-0.043159,					1
			]
			,"mesh": 5
			,"name": "gasket-2"		}
,
		{
			"matrix": [
				0,					1.22465e-16,					-1,					0,
				-1.22465e-16,					1,					1.22465e-16,					0,
				1,					1.22465e-16,					1.49976e-32,					0,
				-0.00470442,					0.10207,					0.223741,					1
			]
			,"name": "hex flange screw_am.151sldprt-6"		}
,
		{
			"matrix": [
				0,					1.22465e-16,					-1,					0,
				-1.22465e-16,					1,					1.22465e-16,					0,
				1,					1.22465e-16,					1.49976e-32,					0,
				0.0196348,					0.0685699,					0.223741,					1
			]
			,"name": "hex flange screw_am.151sldprt-7"		}
,
		{
			"matrix": [
				0,					1.22465e-16,					-1,					0,
				-1.22465e-16,					1,					1.22465e-16,					0,
				1,					1.22465e-16,					1.49976e-32,					0,
				0.0590164,					0.055774,					0.223741,					1
			]
			,"name": "hex flange screw_am.151sldprt-8"		}
,
		{
			"matrix": [
				0,					1.22465e-16,					-1,					0,
				-1.22465e-16,					1,					1.22465e-16,					0,
				1,					1.22465e-16,					1.49976e-32,					0,
				0.098398,					0.0685699,					0.223741,					1
			]
			,"name": "hex flange screw_am.151sldprt-9"		}
,
		{
			"matrix": [
				0,					1.22465e-16,					-1,					0,
				-1.22465e-16,					1,					1.22465e-16,					0,
				1,					1.22465e-16,					1.49976e-32,					0,
				0.122737,					0.10207,					0.223741,					1
			]
			,"name": "hex flange screw_am.151sldprt-10"		}
,
		{
			"matrix": [
				-7.63278e-17,					3.08149e-33,					1,					0,
				-3.08149e-33,					1,					-3.08149e-33,					0,
				-1,					-3.08149e-33,					-7.63278e-17,					0,
				0.0196348,					0.176978,					-0.060059,					1
			]
			,"name": "hex flange screw_am.151sldprt-12"		}
,
		{
			"matrix": [
				-7.63278e-17,					3.08149e-33,					1,					0,
				-3.08149e-33,					1,					-3.08149e-33,					0,
				-1,					-3.08149e-33,					-7.63278e-17,					0,
				-0.00470442,					0.143478,					-0.060059,					1
			]
			,"name": "hex flange screw_am.151sldprt-13"		}
,
		{
			"matrix": [
				-7.63278e-17,					3.08149e-33,					1,					0,
				-3.08149e-33,					1,					-3.08149e-33,					0,
				-1,					-3.08149e-33,					-7.63278e-17,					0,
				-0.00470442,					0.10207,					-0.060059,					1
			]
			,"name": "hex flange screw_am.151sldprt-14"		}
,
		{
			"matrix": [
				-7.63278e-17,					3.08149e-33,					1,					0,
				-3.08149e-33,					1,					-3.08149e-33,					0,
				-1,					-3.08149e-33,					-7.63278e-17,					0,
				0.0196348,					0.0685699,					-0.060059,					1
			]
			,"name": "hex flange screw_am.151sldprt-15"		}
,
		{
			"matrix": [
				-7.63278e-17,					3.08149e-33,					1,					0,
				-3.08149e-33,					1,					-3.08149e-33,					0,
				-1,					-3.08149e-33,					-7.63278e-17,					0,
				0.0590164,					0.055774,					-0.060059,					1
			]
			,"name": "hex flange screw_am.151sldprt-16"		}
,
		{
			"matrix": [
				0,					1.22465e-16,					-1,					0,
				-1.22465e-16,					1,					1.22465e-16,					0,
				1,					1.22465e-16,					1.49976e-32,					0,
				0.122737,					0.143478,					0.223741,					1
			]
			,"name": "hex flange screw_am.151sldprt-11"		}
,
		{
			"matrix": [
				-7.63278e-17,					3.08149e-33,					1,					0,
				-3.08149e-33,					1,					-3.08149e-33,					0,
				-1,					-3.08149e-33,					-7.63278e-17,					0,
				0.098398,					0.0685699,					-0.060059,					1
			]
			,"name": "hex flange screw_am.151sldprt-17"		}
,
		{
			"matrix": [
				0.923728,					0.383049,					9.38199e-17,					0,
				0.383049,					-0.923728,					-2.26248e-16,					0,
				-6.79816e-33,					2.44929e-16,					-1,					0,
				0.122737,					0.10207,					0.195641,					1
			]
			,"name": "hex nut jam_am11-7"		}
,
		{
			"matrix": [
				1,					0,					0,					0,
				0,					1,					0,					0,
				0,					0,					1,					0,
				-0.00470442,					0.10207,					-0.031959,					1
			]
			,"name": "hex nut jam_am11-13"		}
,
		{
			"matrix": [
				1,					0,					0,					0,
				0,					1,					0,					0,
				0,					0,					1,					0,
				0.0590164,					0.189774,					-0.031959,					1
			]
			,"name": "hex nut jam_am11-16"		}
,
		{
			"matrix": [
				1,					0,					0,					0,
				0,					1,					0,					0,
				0,					0,					1,					0,
				0.098398,					0.176978,					-0.031959,					1
			]
			,"name": "hex nut jam_am11-17"		}
,
		{
			"matrix": [
				1,					0,					0,					0,
				0,					1,					0,					0,
				0,					0,					1,					0,
				0.122737,					0.10207,					-0.031959,					1
			]
			,"name": "hex nut jam_am11-19"		}
,
		{
			"matrix": [
				1,					0,					0,					0,
				0,					1,					0,					0,
				0,					0,					1,					0,
				0.0590164,					0.055774,					-0.031959,					1
			]
			,"name": "hex nut jam_am11-20"		}
,
		{
			"matrix": [
				0,					1.22465e-16,					-1,					0,
				-1.22465e-16,					1,					1.22465e-16,					0,
				1,					1.22465e-16,					1.49976e-32,					0,
				0.098398,					0.176978,					0.223741,					1
			]
			,"name": "hex flange screw_am.151sldprt-2"		}
,
		{
			"matrix": [
				0.923728,					0.383049,					9.38199e-17,					0,
				0.383049,					-0.923728,					-2.26248e-16,					0,
				-6.79816e-33,					2.44929e-16,					-1,					0,
				-0.00470442,					0.10207,					0.195641,					1
			]
			,"name": "hex nut jam_am11-9"		}
,
		{
			"matrix": [
				1,					0,					0,					0,
				0,					1,					0,					0,
				0,					0,					1,					0,
				0.122737,					0.143478,					-0.031959,					1
			]
			,"name": "hex nut jam_am11-18"		}
,
		{
			"matrix": [
				0.923728,					0.383049,					9.38199e-17,					0,
				0.383049,					-0.923728,					-2.26248e-16,					0,
				-6.79816e-33,					2.44929e-16,					-1,					0,
				0.0196348,					0.0685699,					0.195641,					1
			]
			,"name": "hex nut jam_am11-10"		}
,
		{
			"matrix": [
				1,					0,					0,					0,
				0,					1,					0,					0,
				0,					0,					1,					0,
				0.098398,					0.0685699,					-0.031959,					1
			]
			,"name": "hex nut jam_am11-21"		}
,
		{
			"matrix": [
				0.221606,					0.975136,					2.3124e-16,					0,
				2.39154e-17,					-2.42572e-16,					1,					0,
				0.975136,					-0.221606,					-7.70762e-17,					0,
				0.0150164,					0.122774,					0.210841,					1
			]
			,"name": "M16 PG 9 GLAND-1"		}
,
		{
			"matrix": [
				1,					0,					0,					0,
				0,					1,					0,					0,
				0,					0,					1,					0,
				0.0196348,					0.0685699,					-0.031959,					1
			]
			,"name": "hex nut jam_am11-14"		}
,
		{
			"matrix": [
				0.0641924,					0.997938,					1.66533e-16,					0,
				2.77556e-17,					-1.94289e-16,					1,					0,
				0.997938,					-0.0641924,					-5.55112e-17,					0,
				0.0279037,					0.153887,					0.210841,					1
			]
			,"name": "M16 PG 9 GLAND-2"		}
,
		{
			"matrix": [
				0.923728,					0.383049,					9.38199e-17,					0,
				0.383049,					-0.923728,					-2.26248e-16,					0,
				-6.79816e-33,					2.44929e-16,					-1,					0,
				-0.00470442,					0.143478,					0.195641,					1
			]
			,"name": "hex nut jam_am11-3"		}
,
		{
			"matrix": [
				0.923728,					0.383049,					9.38199e-17,					0,
				0.383049,					-0.923728,					-2.26248e-16,					0,
				-6.79816e-33,					2.44929e-16,					-1,					0,
				0.0590164,					0.189774,					0.195641,					1
			]
			,"name": "hex nut jam_am11-1"		}
,
		{
			"matrix": [
				-7.63278e-17,					3.08149e-33,					1,					0,
				-3.08149e-33,					1,					-3.08149e-33,					0,
				-1,					-3.08149e-33,					-7.63278e-17,					0,
				0.122737,					0.143478,					-0.060059,					1
			]
			,"name": "hex flange screw_am.151sldprt-19"		}
,
		{
			"matrix": [
				-7.63278e-17,					3.08149e-33,					1,					0,
				-3.08149e-33,					1,					-3.08149e-33,					0,
				-1,					-3.08149e-33,					-7.63278e-17,					0,
				0.098398,					0.176978,					-0.060059,					1
			]
			,"name": "hex flange screw_am.151sldprt-20"		}
,
		{
			"matrix": [
				-7.63278e-17,					3.08149e-33,					1,					0,
				-3.08149e-33,					1,					-3.08149e-33,					0,
				-1,					-3.08149e-33,					-7.63278e-17,					0,
				0.0590164,					0.189774,					-0.060059,					1
			]
			,"name": "hex flange screw_am.151sldprt-21"		}
,
		{
			"matrix": [
				0.923728,					0.383049,					9.38199e-17,					0,
				0.383049,					-0.923728,					-2.26248e-16,					0,
				-6.79816e-33,					2.44929e-16,					-1,					0,
				0.098398,					0.0685699,					0.195641,					1
			]
			,"name": "hex nut jam_am11-8"		}
,
		{
			"matrix": [
				0.923728,					0.383049,					9.38199e-17,					0,
				0.383049,					-0.923728,					-2.26248e-16,					0,
				-6.79816e-33,					2.44929e-16,					-1,					0,
				0.098398,					0.176978,					0.195641,					1
			]
			,"name": "hex nut jam_am11-4"		}
,
		{
			"matrix": [
				0.923728,					0.383049,					9.38199e-17,					0,
				0.383049,					-0.923728,					-2.26248e-16,					0,
				-6.79816e-33,					2.44929e-16,					-1,					0,
				0.122737,					0.143478,					0.195641,					1
			]
			,"name": "hex nut jam_am11-6"		}
,
		{
			"matrix": [
				0.923728,					0.383049,					9.38199e-17,					0,
				0.383049,					-0.923728,					-2.26248e-16,					0,
				-6.79816e-33,					2.44929e-16,					-1,					0,
				0.0196348,					0.176978,					0.195641,					1
			]
			,"name": "hex nut jam_am11-2"		}
,
		{
			"matrix": [
				0.923728,					0.383049,					9.38199e-17,					0,
				0.383049,					-0.923728,					-2.26248e-16,					0,
				-6.79816e-33,					2.44929e-16,					-1,					0,
				0.0590164,					0.055774,					0.195641,					1
			]
			,"name": "hex nut jam_am11-11"		}
,
		{
			"matrix": [
				1,					0,					0,					0,
				0,					1,					0,					0,
				0,					0,					1,					0,
				-0.00470442,					0.143478,					-0.031959,					1
			]
			,"name": "hex nut jam_am11-12"		}
,
		{
			"matrix": [
				1,					0,					0,					0,
				0,					1,					0,					0,
				0,					0,					1,					0,
				0.0196348,					0.176978,					-0.031959,					1
			]
			,"name": "hex nut jam_am11-15"		}
,
		{
			"matrix": [
				1,					0,					0,					0,
				0,					1,					0,					0,
				0,					0,					1,					0,
				0.0425985,					0.110779,					0.238416,					1
			]
			,"mesh": 6
			,"name": "box holder-1"		}
,
		{
			"children": [
				88, 89, 90, 91, 92, 93, 94, 95
			]
			,"matrix": [
				-0.030081,					-0.777476,					-0.628193,					0,
				-0.660753,					-0.456104,					0.596133,					0,
				-0.75,					0.433013,					-0.5,					0,
				0.220132,					0.23426,					0.303207,					1
			]
			,"name": "final T200-38"		}
,
		{
			"matrix": [
				0.981533,					0.191292,					6.10623e-16,					0,
				-0.191292,					0.981533,					-2.22045e-16,					0,
				-6.41822e-16,					1.01137e-16,					1,					0,
				0.0123033,					0.0738048,					0.0890216,					1
			]
			,"mesh": 7
			,"name": "T200-THRUSTER-R2-1"		}
,
		{
			"matrix": [
				0.725374,					-0.688355,					5.55112e-17,					0,
				0.688355,					0.725374,					-6.19995e-30,					0,
				-4.02664e-17,					3.82114e-17,					1,					0,
				0.0123033,					0.0738048,					0.0873716,					1
			]
			,"mesh": 8
			,"name": "T200-THRUSTER-R1-1"		}
,
		{
			"matrix": [
				1,					2.88658e-15,					1.11022e-16,					0,
				-5.55112e-17,					0,					-1,					0,
				-2.9976e-15,					1,					0,					0,
				-0.00163153,					0.0388444,					0.0831641,					1
			]
			,"name": "back_clips-1"		}
,
		{
			"matrix": [
				-1.11022e-16,					-1,					2.77556e-16,					0,
				1.66533e-16,					3.33067e-16,					1,					0,
				-1,					2.77556e-16,					0,					0,
				0.0120282,					0.0735944,					0.056773,					1
			]
			,"name": "motor_guard_BACK_-_with_clips-1"		}
,
		{
			"matrix": [
				-5.55112e-17,					-1,					4.44089e-16,					0,
				-5.55112e-17,					-4.44089e-16,					-1,					0,
				1,					-2.22045e-16,					5.55112e-17,					0,
				-0.0227218,					0.0872541,					0.0831641,					1
			]
			,"name": "back_clips-2"		}
,
		{
			"matrix": [
				0.688355,					0.725374,					1.18618e-15,					0,
				-7.80458e-16,					-8.94643e-16,					1,					0,
				0.725374,					-0.688355,					-4.97076e-17,					0,
				0.0123033,					0.0738048,					0.109572,					1
			]
			,"name": "motor_guard_FRONT_simpler-1"		}
,
		{
			"matrix": [
				-1,					-1.04361e-14,					-5.55112e-17,					0,
				-1.11022e-16,					-2.22045e-16,					-1,					0,
				1.05471e-14,					-1,					2.22045e-16,					0,
				0.0256879,					0.108344,					0.0831641,					1
			]
			,"name": "back_clips-3"		}
,
		{
			"matrix": [
				1.66533e-16,					1,					-7.21645e-16,					0,
				-1.11022e-16,					-7.21645e-16,					-1,					0,
				-1,					2.22045e-16,					-5.55112e-17,					0,
				0.0467782,					0.0599347,					0.0831641,					1
			]
			,"name": "back_clips-4"		}
,
		{
			"children": [
				97, 98, 99, 100, 101, 102, 103, 104
			]
			,"matrix": [
				0.030081,					-0.777476,					0.628193,					0,
				0.660753,					-0.456104,					-0.596133,					0,
				0.75,					0.433013,					0.5,					0,
				-0.134935,					0.23426,					0.0236244,					1
			]
			,"name": "final T200-42"		}
,
		{
			"matrix": [
				0.981533,					0.191292,					4.996e-16,					0,
				-0.191292,					0.981533,					-1.11022e-16,					0,
				-4.996e-16,					5.55112e-17,					1,					0,
				0.0123033,					0.0738048,					0.0890216,					1
			]
			,"mesh": 9
			,"name": "T200-THRUSTER-R2-1"		}
,
		{
			"matrix": [
				0.725374,					-0.688355,					-5.55112e-17,					0,
				0.688355,					0.725374,					1.11022e-16,					0,
				-3.61563e-17,					-1.18744e-16,					1,					0,
				0.0123033,					0.0738048,					0.0873716,					1
			]
			,"mesh": 10
			,"name": "T200-THRUSTER-R1-1"		}
,
		{
			"matrix": [
				1,					2.9976e-15,					5.55112e-17,					0,
				-5.55112e-17,					-5.55112e-17,					-1,					0,
				-2.94209e-15,					1,					0,					0,
				-0.00163153,					0.0388444,					0.0831641,					1
			]
			,"name": "back_clips-1"		}
,
		{
			"matrix": [
				-2.22045e-16,					-1,					1.11022e-16,					0,
				1.11022e-16,					1.66533e-16,					1,					0,
				-1,					1.66533e-16,					1.11022e-16,					0,
				0.0120282,					0.0735944,					0.056773,					1
			]
			,"name": "motor_guard_BACK_-_with_clips-1"		}
,
		{
			"matrix": [
				-2.22045e-16,					-1,					3.33067e-16,					0,
				0,					-3.88578e-16,					-1,					0,
				1,					-1.66533e-16,					0,					0,
				-0.0227218,					0.0872541,					0.0831641,					1
			]
			,"name": "back_clips-2"		}
,
		{
			"matrix": [
				0.688355,					0.725374,					1.29721e-15,					0,
				-9.43014e-16,					-8.93438e-16,					1,					0,
				0.725374,					-0.688355,					6.90365e-17,					0,
				0.0123033,					0.0738048,					0.109572,					1
			]
			,"name": "motor_guard_FRONT_simpler-1"		}
,
		{
			"matrix": [
				-1,					-1.04916e-14,					0,					0,
				-5.55112e-17,					-2.22045e-16,					-1,					0,
				1.03806e-14,					-1,					5.55112e-17,					0,
				0.0256879,					0.108344,					0.0831641,					1
			]
			,"name": "back_clips-3"		}
,
		{
			"matrix": [
				2.77556e-16,					1,					-6.66134e-16,					0,
				6.16298e-32,					-6.66134e-16,					-1,					0,
				-1,					2.77556e-16,					-2.46519e-31,					0,
				0.0467782,					0.0599347,					0.0831641,					1
			]
			,"name": "back_clips-4"		}
,
		{
			"children": [
				106, 107, 108, 109, 110, 111, 112, 113
			]
			,"matrix": [
				0.030081,					0.777476,					-0.628193,					0,
				0.660753,					0.456104,					0.596133,					0,
				0.75,					-0.433013,					-0.5,					0,
				-0.134935,					-0.0127033,					0.303207,					1
			]
			,"name": "final T200-46"		}
,
		{
			"matrix": [
				0.981533,					0.191292,					3.33067e-16,					0,
				-0.191292,					0.981533,					-2.22045e-16,					0,
				-4.996e-16,					2.22045e-16,					1,					0,
				0.0123033,					0.0738048,					0.0890216,					1
			]
			,"mesh": 11
			,"name": "T200-THRUSTER-R2-1"		}
,
		{
			"matrix": [
				0.725374,					-0.688355,					-1.11022e-16,					0,
				0.688355,					0.725374,					-1.14243e-16,					0,
				-5.55112e-17,					5.55112e-17,					1,					0,
				0.0123033,					0.0738048,					0.0873716,					1
			]
			,"mesh": 12
			,"name": "T200-THRUSTER-R1-1"		}
,
		{
			"matrix": [
				1,					3.27516e-15,					-1.66533e-16,					0,
				0,					0,					-1,					0,
				-3.10862e-15,					1,					0,					0,
				-0.00163153,					0.0388444,					0.0831641,					1
			]
			,"name": "back_clips-1"		}
,
		{
			"matrix": [
				-3.88578e-16,					-1,					2.77556e-16,					0,
				-1.11022e-16,					3.33067e-16,					1,					0,
				-1,					2.22045e-16,					5.55112e-17,					0,
				0.0120282,					0.0735944,					0.056773,					1
			]
			,"name": "motor_guard_BACK_-_with_clips-1"		}
,
		{
			"matrix": [
				-3.88578e-16,					-1,					3.88578e-16,					0,
				1.66533e-16,					-3.88578e-16,					-1,					0,
				1,					-2.22045e-16,					0,					0,
				-0.0227218,					0.0872541,					0.0831641,					1
			]
			,"name": "back_clips-2"		}
,
		{
			"matrix": [
				0.688355,					0.725374,					1.10292e-15,					0,
				-8.69182e-16,					-6.95656e-16,					1,					0,
				0.725374,					-0.688355,					1.51624e-16,					0,
				0.0123033,					0.0738048,					0.109572,					1
			]
			,"name": "motor_guard_FRONT_simpler-1"		}
,
		{
			"matrix": [
				-1,					-1.07137e-14,					1.66533e-16,					0,
				-1.66533e-16,					-1.66533e-16,					-1,					0,
				1.07137e-14,					-1,					1.66533e-16,					0,
				0.0256879,					0.108344,					0.0831641,					1
			]
			,"name": "back_clips-3"		}
,
		{
			"matrix": [
				4.44089e-16,					1,					-6.66134e-16,					0,
				1.11022e-16,					-7.77156e-16,					-1,					0,
				-1,					2.22045e-16,					0,					0,
				0.0467782,					0.0599347,					0.0831641,					1
			]
			,"name": "back_clips-4"		}
,
		{
			"matrix": [
				0,					0,					1,					0,
				0,					1,					0,					0,
				-1,					0,					0,					0,
				0.0425985,					0.110779,					0.225065,					1
			]
			,"name": "6569165151-8"		}
,
		{
			"matrix": [
				0,					1,					0,					0,
				-1,					0,					0,					0,
				0,					0,					1,					0,
				-0.00536301,					-0.0648776,					0.171416,					1
			]
			,"name": "6569165151-10"		}
,
		{
			"matrix": [
				-0.866025,					0.5,					-2.71819e-15,					0,
				-2.30371e-15,					1.44849e-15,					1,					0,
				0.5,					0.866025,					-9.88792e-17,					0,
				0.00629182,					0.0477935,					0.240416,					1
			]
			,"mesh": 13
			,"name": "conction-1"		}
,
		{
			"children": [
				118, 119, 120, 121, 122, 123, 124, 125, 126, 127, 128, 129, 130, 131, 132, 133, 134, 135, 136, 137, 138, 139, 140, 141, 142, 143, 144, 145, 146, 147, 148, 149, 150
			]
			,"matrix": [
				-5.70583e-27,					2.88497e-26,					-1,					0,
				1,					4.50301e-13,					-5.70595e-27,					0,
				4.50301e-13,					-1,					-2.86561e-26,					0,
				0.137401,					0.139972,					0.295182,					1
			]
			,"name": "Assem1-1"		}
,
		{
			"matrix": [
				1,					0,					0,					0,
				0,					1,					0,					0,
				0,					0,					1,					0,
				-0.0105246,					-0.00565208,					-0.00523324,					1
			]
			,"name": "50wLED-1"		}
,
		{
			"matrix": [
				-1.2294e-31,					-1,					-1.63511e-52,					0,
				1,					1.2294e-31,					-1.9361e-28,					0,
				-1.9361e-28,					1.63511e-52,					1,					0,
				-0.0162336,					0.0325972,					0.00469379,					1
			]
			,"name": "4144.3-1"		}
,
		{
			"matrix": [
				1,					0,					0,					0,
				0,					1,					0,					0,
				0,					0,					1,					0,
				0.0117664,					0.0101972,					0.0291938,					1
			]
			,"mesh": 14
			,"name": "Part1-1"		}
,
		{
			"matrix": [
				1,					0,					0,					0,
				0,					1,					0,					0,
				0,					0,					1,					0,
				0.0117664,					0.0241972,					0.0291938,					1
			]
			,"mesh": 15
			,"name": "AC-1"		}
,
		{
			"matrix": [
				1,					1.2294e-31,					-1.9361e-28,					0,
				1.9361e-28,					-1.63511e-52,					-1,					0,
				1.2294e-31,					1,					1.63511e-52,					0,
				0.0117664,					0.0201972,					0.0291938,					1
			]
			,"mesh": 16
			,"name": "gas ket ds-1"		}
,
		{
			"matrix": [
				-1.2294e-31,					-1,					-1.63511e-52,					0,
				1,					1.2294e-31,					-1.9361e-28,					0,
				-1.9361e-28,					1.63511e-52,					1,					0,
				-0.0162336,					0.0325972,					0.0536938,					1
			]
			,"name": "4144.3-11"		}
,
		{
			"matrix": [
				1,					1.2294e-31,					-1.9361e-28,					0,
				-1.9361e-28,					1.63511e-52,					1,					0,
				-1.2294e-31,					-1,					-1.63511e-52,					0,
				-0.0162336,					0.00729724,					0.00469379,					1
			]
			,"name": "15545+-4"		}
,
		{
			"matrix": [
				1,					1.2294e-31,					-1.9361e-28,					0,
				-1.9361e-28,					1.63511e-52,					1,					0,
				-1.2294e-31,					-1,					-1.63511e-52,					0,
				0.0397664,					0.00729724,					0.0161938,					1
			]
			,"name": "15545+-8"		}
,
		{
			"matrix": [
				1,					1.2294e-31,					-1.9361e-28,					0,
				-1.9361e-28,					1.63511e-52,					1,					0,
				-1.2294e-31,					-1,					-1.63511e-52,					0,
				0.00176635,					0.00729724,					0.0536938,					1
			]
			,"name": "15545+-13"		}
,
		{
			"matrix": [
				1,					1.2294e-31,					-1.9361e-28,					0,
				-1.9361e-28,					1.63511e-52,					1,					0,
				-1.2294e-31,					-1,					-1.63511e-52,					0,
				0.0397664,					0.00729724,					0.00469379,					1
			]
			,"name": "15545+-7"		}
,
		{
			"matrix": [
				-1.2294e-31,					-1,					-1.63511e-52,					0,
				1,					1.2294e-31,					-1.9361e-28,					0,
				-1.9361e-28,					1.63511e-52,					1,					0,
				0.0397664,					0.0325972,					0.0536938,					1
			]
			,"name": "4144.3-8"		}
,
		{
			"matrix": [
				1,					1.2294e-31,					-1.9361e-28,					0,
				-1.9361e-28,					1.63511e-52,					1,					0,
				-1.2294e-31,					-1,					-1.63511e-52,					0,
				-0.0162336,					0.00729724,					0.0161938,					1
			]
			,"name": "15545+-3"		}
,
		{
			"matrix": [
				1,					1.2294e-31,					-1.9361e-28,					0,
				-1.9361e-28,					1.63511e-52,					1,					0,
				-1.2294e-31,					-1,					-1.63511e-52,					0,
				0.0217664,					0.00729724,					0.0536938,					1
			]
			,"name": "15545+-12"		}
,
		{
			"matrix": [
				1,					1.2294e-31,					-1.9361e-28,					0,
				-1.9361e-28,					1.63511e-52,					1,					0,
				-1.2294e-31,					-1,					-1.63511e-52,					0,
				0.0217664,					0.00729724,					0.00469379,					1
			]
			,"name": "15545+-6"		}
,
		{
			"matrix": [
				1,					1.2294e-31,					-1.9361e-28,					0,
				-1.9361e-28,					1.63511e-52,					1,					0,
				-1.2294e-31,					-1,					-1.63511e-52,					0,
				0.0397664,					0.00729724,					0.0291938,					1
			]
			,"name": "15545+-9"		}
,
		{
			"matrix": [
				1,					1.2294e-31,					-1.9361e-28,					0,
				-1.9361e-28,					1.63511e-52,					1,					0,
				-1.2294e-31,					-1,					-1.63511e-52,					0,
				0.0397664,					0.00729724,					0.0536938,					1
			]
			,"name": "15545+-11"		}
,
		{
			"matrix": [
				-1.2294e-31,					-1,					-1.63511e-52,					0,
				1,					1.2294e-31,					-1.9361e-28,					0,
				-1.9361e-28,					1.63511e-52,					1,					0,
				-0.0162336,					0.0325972,					0.0291938,					1
			]
			,"name": "4144.3-13"		}
,
		{
			"matrix": [
				1,					1.2294e-31,					-1.9361e-28,					0,
				-1.9361e-28,					1.63511e-52,					1,					0,
				-1.2294e-31,					-1,					-1.63511e-52,					0,
				-0.0162336,					0.00729724,					0.0291938,					1
			]
			,"name": "15545+-2"		}
,
		{
			"matrix": [
				-1.2294e-31,					-1,					-1.63511e-52,					0,
				1,					1.2294e-31,					-1.9361e-28,					0,
				-1.9361e-28,					1.63511e-52,					1,					0,
				0.00176635,					0.0325972,					0.0536938,					1
			]
			,"name": "4144.3-10"		}
,
		{
			"matrix": [
				-1.2294e-31,					-1,					-1.63511e-52,					0,
				1,					1.2294e-31,					-1.9361e-28,					0,
				-1.9361e-28,					1.63511e-52,					1,					0,
				0.0397664,					0.0325972,					0.0291938,					1
			]
			,"name": "4144.3-6"		}
,
		{
			"matrix": [
				-1.2294e-31,					-1,					-1.63511e-52,					0,
				1,					1.2294e-31,					-1.9361e-28,					0,
				-1.9361e-28,					1.63511e-52,					1,					0,
				0.00176635,					0.0325972,					0.00469379,					1
			]
			,"name": "4144.3-2"		}
,
		{
			"matrix": [
				-1.2294e-31,					-1,					-1.63511e-52,					0,
				1,					1.2294e-31,					-1.9361e-28,					0,
				-1.9361e-28,					1.63511e-52,					1,					0,
				-0.0162336,					0.0325972,					0.0421938,					1
			]
			,"name": "4144.3-12"		}
,
		{
			"matrix": [
				-1.2294e-31,					-1,					-1.63511e-52,					0,
				1,					1.2294e-31,					-1.9361e-28,					0,
				-1.9361e-28,					1.63511e-52,					1,					0,
				-0.0162336,					0.0325972,					0.0161938,					1
			]
			,"name": "4144.3-14"		}
,
		{
			"matrix": [
				-1.2294e-31,					-1,					-1.63511e-52,					0,
				1,					1.2294e-31,					-1.9361e-28,					0,
				-1.9361e-28,					1.63511e-52,					1,					0,
				0.0397664,					0.0325972,					0.0161938,					1
			]
			,"name": "4144.3-5"		}
,
		{
			"matrix": [
				-1.2294e-31,					-1,					-1.63511e-52,					0,
				1,					1.2294e-31,					-1.9361e-28,					0,
				-1.9361e-28,					1.63511e-52,					1,					0,
				0.0217664,					0.0325972,					0.00469379,					1
			]
			,"name": "4144.3-3"		}
,
		{
			"matrix": [
				-1.2294e-31,					-1,					-1.63511e-52,					0,
				1,					1.2294e-31,					-1.9361e-28,					0,
				-1.9361e-28,					1.63511e-52,					1,					0,
				0.0397664,					0.0325972,					0.0421938,					1
			]
			,"name": "4144.3-7"		}
,
		{
			"matrix": [
				-1.2294e-31,					-1,					-1.63511e-52,					0,
				1,					1.2294e-31,					-1.9361e-28,					0,
				-1.9361e-28,					1.63511e-52,					1,					0,
				0.0397664,					0.0325972,					0.00469379,					1
			]
			,"name": "4144.3-4"		}
,
		{
			"matrix": [
				-1.2294e-31,					-1,					-1.63511e-52,					0,
				1,					1.2294e-31,					-1.9361e-28,					0,
				-1.9361e-28,					1.63511e-52,					1,					0,
				0.0217664,					0.0325972,					0.0536938,					1
			]
			,"name": "4144.3-9"		}
,
		{
			"matrix": [
				1,					1.2294e-31,					-1.9361e-28,					0,
				1.9361e-28,					-1.63511e-52,					-1,					0,
				1.2294e-31,					1,					1.63511e-52,					0,
				-0.0162336,					0.0089893,					0.0421938,					1
			]
			,"name": "15545+-1"		}
,
		{
			"matrix": [
				1,					1.2294e-31,					-1.9361e-28,					0,
				-1.9361e-28,					1.63511e-52,					1,					0,
				-1.2294e-31,					-1,					-1.63511e-52,					0,
				0.00176635,					0.00729724,					0.00469379,					1
			]
			,"name": "15545+-5"		}
,
		{
			"matrix": [
				1,					1.2294e-31,					-1.9361e-28,					0,
				-1.9361e-28,					1.63511e-52,					1,					0,
				-1.2294e-31,					-1,					-1.63511e-52,					0,
				0.0397664,					0.00729724,					0.0421938,					1
			]
			,"name": "15545+-10"		}
,
		{
			"matrix": [
				1,					1.2294e-31,					-1.9361e-28,					0,
				-1.9361e-28,					1.63511e-52,					1,					0,
				-1.2294e-31,					-1,					-1.63511e-52,					0,
				-0.0162336,					0.00729724,					0.0536938,					1
			]
			,"name": "15545+-14"		}
,
		{
			"matrix": [
